camera 0 0 10 0 0 0 0 1 0
screen 90 1.333333 1 2000
model 0.5 0.433 0.4082 1 0.866 0.8165
color 184 134 11

mesh 3 1
0 0 0 0 -1 0
1 0 0 0 -1 0
0.5 0.866 0 0 -1 0
0 1 2

mesh 3 1
0 0 0 0.0 0.8165 0.0
0.5 0.2887 0.8165 0.0 0.8165 0.0
1 0 0 0.0 0.8165 0.0
0 1 2

mesh 3 1
0 0 0 0.707089 -0.40825 0.105664
0.5 0.2887 0.8165 0.707089 -0.40825 0.105664
0.5 0.866 0 0.707089 -0.40825 0.105664
0 1 2

mesh 3 1
1 0 0 -0.707089 -0.40825 0.683014
0.5 0.2887 0.8165 -0.707089 -0.40825 0.683014
0.5 0.866 0 -0.707089 -0.40825 0.683014
0 1 2

figure
